AA	PC1	PC2	PC3	PC4	PC5	PC6	PC7	PC8	PC9	PC10	PC11	PC12	PC13	PC14	PC15	PC16	PC17	PC18	PC19	PC20
A	0.07319	0.25903	-0.27009	-0.37473	-0.00931	0.15936	-0.0906	0.1938	0.10601	0.16578	0.12721	-0.16127	-0.03536	-0.1334	0.08423	-0.13695	-0.50381	-0.44108	-0.23546	-0.11531
C	0.20562	0.13065	-0.16498	0.30252	0.53997	0.26448	0.48815	0.05198	0.28785	-0.26836	-0.08377	-0.12141	-0.10926	-0.09125	-0.00811	0.10883	-0.00142	0.00264	-0.04916	-0.09041
D	-0.26462	0.24549	-0.05543	0.06312	0.12559	0.25504	-0.20396	-0.49108	-0.01036	-0.07379	0.11941	0.00977	-0.07068	0.33739	0.40175	0.06822	0.26694	-0.35	-0.00832	0.02117
E	-0.19564	0.34128	0.12787	-0.31475	-0.01802	0.33719	-0.088	-0.32579	0.08382	-0.16065	0.15077	-0.08379	0.07859	-0.30456	-0.18597	0.05003	-0.12297	0.52619	0.09396	-0.04991
F	0.34889	0.12519	0.03452	0.11896	-0.09132	0.00914	-0.19754	-0.01191	-0.21221	0.00567	0.03047	0.05749	-0.23174	-0.00379	0.02203	0.77225	-0.266	-0.02219	0.16259	0.04608
G	-0.14518	0.04316	-0.57054	0.09806	0.14245	-0.22571	-0.41992	0.27969	0.15264	-0.25863	0.33119	0.1232	0.15996	-0.04024	-0.08241	0.1261	0.17282	0.1438	-0.02117	-0.01371
H	0.01138	0.26974	0.15975	0.17536	0.14068	0.03933	-0.02928	0.24377	-0.64095	-0.05237	0.14944	-0.45406	0.27791	-0.12251	-0.04528	-0.0713	0.18394	-0.09479	0.00838	-0.06989
I	0.374	0.12189	-0.12686	-0.06525	-0.15598	-0.14029	0.05669	-0.24583	-0.07494	-0.23	-0.06692	0.12643	0.27809	0.31741	-0.13617	-0.11694	-0.04848	-0.01157	0.1066	-0.64353
K	-0.20226	0.36313	0.18379	-0.11121	-0.17138	-0.21441	0.03989	0.32001	0.25679	-0.24737	-0.4676	-0.0976	0.25935	0.07982	0.36142	0.20012	0.00161	0.03145	0.02212	0.02538
L	0.32924	0.17716	-0.13982	-0.28686	-0.19436	0.00734	-0.11136	0.07403	0.02108	-0.08445	-0.18418	-0.24043	-0.52992	-0.0148	-0.09581	-0.09221	0.53301	0.06593	-0.12429	0.02742
M	0.28916	0.25151	0.09147	-0.04545	0.11573	0.28922	-0.02717	0.32495	-0.16096	0.10227	0.09887	0.56829	0.01562	0.15568	0.31294	-0.24276	0.03137	0.27027	-0.0037	0.1218
N	-0.20412	0.23117	-0.09767	0.21402	0.16501	-0.07374	-0.20014	-0.06479	-0.22823	-0.08982	-0.41298	0.04605	-0.21796	0.32125	-0.35848	-0.18222	-0.34617	0.12862	-0.24741	0.17259
P	-0.16612	0.03759	-0.27688	0.38414	-0.69161	0.405	0.24585	0.12985	-0.03803	-0.10796	0.0769	-0.01079	-0.02587	0.04669	-0.03056	-0.02788	-0.03821	0.0195	-0.02254	0.03268
Q	-0.11985	0.33448	0.11678	0.00246	-0.02455	0.01132	0.09133	0.02279	0.05467	0.10618	-0.09467	0.47679	0.09205	-0.2696	-0.49195	0.11291	0.27295	-0.43432	0.02651	0.01446
R	-0.14632	0.29502	0.28352	0.02724	-0.05566	-0.40098	0.29078	0.09803	0.11696	-0.05423	0.56218	-0.0221	-0.3599	0.26807	-0.07167	-0.0435	-0.08668	0.02875	0.0013	-0.04978
S	-0.13452	0.22035	-0.31551	0.0843	0.06761	-0.12664	0.06049	-0.00075	-0.02987	0.3907	-0.15863	-0.06878	-0.1753	-0.08546	0.09561	-0.1621	-0.03219	0.06577	0.72996	-0.08565
T	-0.02492	0.19484	-0.21981	0.06262	-0.01441	-0.17133	0.22085	-0.16479	-0.03216	0.59329	-0.01775	-0.03037	0.16356	0.00868	0.09311	0.23868	0.14526	0.28726	-0.48998	-0.11516
V	0.31025	0.15595	-0.23096	-0.13263	-0.07405	-0.20807	0.24233	-0.27277	-0.03407	-0.1231	0.09321	-0.06492	0.30467	0.05823	-0.04447	-0.07898	-0.04646	-0.06036	0.10719	0.68967
W	0.28741	0.14255	0.24953	0.35549	-0.05376	0.1368	-0.37184	0.03169	0.49803	0.30026	0.06436	-0.25783	0.20004	0.18923	-0.19812	-0.11436	0.0212	0.00815	0.06553	0.07607
Y	0.1604	0.15002	0.08179	0.4005	-0.12864	-0.2936	-0.16488	-0.25881	0.01961	-0.15498	-0.01585	0.12166	-0.13026	-0.56795	0.30921	-0.26935	-0.09928	-0.02108	-0.16687	-0.0496
